[[-50,27,97],
 [48,60,-7],
 [4,59,-80],
 [1,-29,-50],
 [102,18,-58],
 [-101,9,108],
 [23,108,20],
 [41,20,-105],
 [70,-105,85],
 [91,-3,-46],
 [36,-16,-76],
 [-47,-78,-24],
 [-53,63,-27],
 [-67,-21,44],
 [-25,-84,19],
 "26G",
 [-106,88,82],
 "=,9",
 [-1,47,-12],
 [34,-38,40],
 [-19,-105,-7],
 [99,94,-102],
 [21,-29,-83],
 [55,-33,-5],
 [93,27,-53],
 [6,73,-60],
 [74,16,-34],
 [-64,-104,82],
 [65,-16,-72],
 [60,-85,-96],
 [11,67,23],
 [-98,-52,-35],
 [5,-69,-35],
 [105,49,-5],
 [-101,77,-76],
 [-27,-64,37],
 [-27,62,26],
 [26,-15,-25],
 [-17,-92,77],
 [-28,70,92],
 [53,-21,-68],
 [-19,56,64],
 "e2>",
 [16,-5,-61],
 [52,21,-24],
 [37,81,15],
 [24,-110,94],
 [-1,77,51],
 [42,-57,93],
 [51,-69,46],
 [-13,-31,42],
 [-48,26,-42],
 [-55,6,-94],
 [45,24,71],
 [83,75,21],
 [-36,104,-6],
 [-31,-93,33],
 [-83,-102,-78],
 [59,-43,28],
 [46,-44,-58],
 [-60,1,-105],
 [-18,-33,-45],
 [-9,103,-64],
 [19,-75,-89],
 [48,-59,24],
 [34,9,15],
 [93,-44,-16],
 [-48,84,99],
 [39,-100,60],
 [-88,44,39],
 [94,1,-80],
 [90,89,-108],
 [-97,-98,-66],
 [67,1,22],
 [-6,-4,16],
 [-18,-70,35],
 [79,-58,80],
 [-68,87,61],
 [-37,80,-57],
 [93,92,-88],
 [-67,63,-64],
 [46,39,-18],
 [-13,15,-82],
 [-35,-89,3],
 [92,-22,105],
 [-43,15,-5],
 "$A<",
 [9,-42,22],
 [-80,49,81],
 [56,85,-47],
 [-99,-96,-27],
 [-5,33,-65],
 "(M^",
 [-103,50,-70],
 [107,102,-44],
 [75,15,8],
 [-71,62,67],
 [27,9,-43],
 [84,37,-101],
 [-81,-59,50],
 [-95,-28,-73],
 [-42,2,95],
 [71,-98,-15],
 [34,-81,56],
 [-19,104,-103],
 [-55,-60,-26],
 [31,86,6],
 [78,-81,-2],
 [24,-93,85],
 [-34,-95,80],
 [-40,-91,-87],
 [-21,-69,-31],
 [97,54,-94],
 [50,-13,10],
 [25,50,-87],
 [-105,84,-107],
 [103,-18,-70],
 [41,-93,-66],
 [26,38,18],
 [-85,-11,34],
 [-64,44,78],
 [44,71,-96],
 [-38,-12,-86],
 [-19,-39,17],
 [31,-35,58],
 [-52,26,-6],
 [95,18,-74],
 [-94,-96,73],
 [-72,78,-87],
 [-36,104,99],
 [-7,-31,40],
 [-94,80,39],
 [-66,-106,-18],
 [40,28,-32],
 [-95,-24,13],
 [-34,-65,-60],
 [1,8,54],
 [-42,-78,109],
 [-71,47,101],
 [-4,-58,10],
 [-2,88,38],
 [1,24,-44],
 [-47,-103,-76],
 [33,-60,7],
 [-110,90,75],
 [75,-4,2],
 [94,-35,-43],
 [2,-42,107],
 [-78,85,-87],
 [-108,47,97],
 [-66,-47,-72],
 [-55,-8,-26],
 [65,-54,-51],
 [40,31,12],
 [-77,-33,10],
 [-91,11,7],
 [-72,6,-91],
 [93,-36,-28],
 [-62,-66,2],
 [62,-84,-37],
 [-37,66,93],
 [42,41,17],
 [59,100,-7],
 [-42,106,-2],
 [15,8,79],
 [110,-51,34],
 [81,-78,61],
 [-77,-87,41],
 [98,25,-92],
 "E7O",
 [-10,-34,107],
 [31,-11,-41],
 [-108,-70,-39],
 "\f#Z",
 [74,86,-33],
 [-72,-89,83],
 [-73,39,-23],
 [16,-66,9],
 "c)1",
 [22,97,-14],
 [-110,3,43],
 [-33,66,92],
 [-61,7,49],
 [72,-95,24],
 [-10,-32,-33],
 [106,-17,-36],
 [-68,17,28],
 [55,-59,-31],
 [-60,-65,-66],
 [91,70,-64],
 [94,59,-101],
 [43,79,1],
 [56,-46,74],
 [84,-56,58],
 [-19,72,110],
 [-54,-109,95],
 [-50,-42,-11],
 [100,-56,-16],
 [-59,-30,-103],
 [61,37,-81],
 [-22,-39,-87],
 [28,31,59],
 [71,-102,-39],
 [68,-72,56],
 " K=",
 [-51,79,57],
 [25,17,-68],
 [2,-107,-3],
 [64,-18,-21],
 [102,22,18],
 [53,-7,10],
 [48,23,32],
 [-85,12,-101],
 [55,-97,18],
 [49,-69,5],
 [78,24,30],
 [-13,68,8],
 [-86,-26,38],
 [-47,-69,73],
 [-70,64,-45],
 [47,19,-77],
 "`cV",
 [-60,-98,80],
 [37,-36,46],
 [-50,-99,93],
 [10,106,-53],
 [68,82,-28],
 [-89,-10,35],
 [-43,58,-20],
 [-45,105,-8],
 [-23,-33,100],
 [-9,60,-57],
 [-23,-20,35],
 [-105,31,-25],
 [-4,76,87],
 [-25,18,-28],
 [25,-81,102],
 [91,-32,22],
 [103,74,-92],
 [-72,-83,86],
 [-22,-19,42],
 [-29,-1,109],
 [25,88,13],
 [-73,-90,3],
 [-71,-22,99],
 [-14,79,5],
 [97,74,-34],
 [-25,95,-19],
 [-36,85,103],
 [108,-101,6],
 [-10,-69,-34],
 [-106,27,-2],
 [-71,41,-37],
 [-13,-105,47],
 [107,-46,-47],
 [-58,78,30],
 [-24,-87,-89],
 [-5,-56,-14],
 "C/K",
 [-55,-73,60],
 [-41,45,36],
 [101,6,2],
 [-74,-19,-82],
 "Lbd",
 [21,-7,79],
 [-45,79,-16],
 [-107,-56,23],
 [-81,88,-34],
 [-41,20,-38],
 [84,19,-47],
 [-11,-101,93],
 [50,-51,20],
 [-81,-93,-64],
 [-94,-11,82],
 [68,-61,100],
 [94,-103,93],
 [-74,102,-7],
 [-52,16,-31],
 [-57,43,-69],
 [46,20,-25],
 [77,31,-98],
 [-47,29,71],
 "g=3",
 [-84,28,15],
 [-32,91,75],
 [43,50,-102],
 [-94,-19,28],
 [-13,70,-37],
 [-70,-36,-110],
 [-37,-39,71],
 [62,-38,20],
 [68,75,-29],
 [-98,-22,-50],
 [18,23,-71],
 [46,-99,-69],
 [36,-34,99],
 "J>e",
 [-14,-20,-103],
 [3,21,27],
 [-63,101,-92],
 "h)7",
 [-48,58,-8],
 [-47,49,-72],
 [7,17,-57],
 [-91,86,-11],
 [60,-12,47],
 [10,84,-103],
 [71,89,-7],
 "0\e.",
 [-91,49,97],
 [25,40,-38],
 [20,11,88],
 [110,-17,-21],
 [21,13,40],
 [-28,-16,14],
 [22,-1,-93],
 [-70,98,29],
 [55,-56,-39],
 [-66,17,51],
 [-72,-82,28],
 [-83,-22,-15],
 [-43,-87,-3],
 [-67,-12,65],
 "496",
 [11,-37,-61],
 [-84,48,22],
 [-104,110,-40],
 [-30,43,20],
 [108,-34,79],
 [-76,80,92],
 [26,86,-108],
 [33,-108,96],
 [55,-49,85],
 [-58,-69,-13],
 [91,1,32],
 [-105,-84,-17],
 [-83,-69,-99],
 [71,84,-57],
 [58,-102,59],
 [23,11,48],
 [-80,-60,2],
 [-70,68,-12],
 [76,-102,109],
 [-64,-55,-67],
 [50,-96,39],
 [-65,-15,92],
 [-94,48,12],
 [20,28,72],
 [-62,81,-31],
 [46,65,-36],
 [81,-18,-37],
 [-89,34,79],
 [9,-14,67],
 [-87,-37,21],
 [-86,71,-91],
 [108,-97,-66],
 [-16,-98,-93],
 [-28,-40,30],
 [-64,17,-109],
 [51,-56,-97],
 "k-:",
 [62,-30,10],
 "(J\r","^:'",
 [108,100,-65],
 [12,18,97],
 [-90,27,36],
 [-88,62,43],
 [79,-57,91],
 "H.`",
 [-21,99,-72],
 [-5,40,50],
 [-77,-27,67],
 [-44,24,27],
 [-2,-57,71],
 [-11,-82,-85],
 [-101,-93,-99],
 [-6,88,-83],
 [104,-102,61],
 [-45,4,66],
 [101,-79,-98],
 [57,-108,-56],
 [-23,34,-32],
 [-39,34,30],
 [19,102,-16],
 [72,98,-53],
 [25,-18,-38],
 [-39,77,-50],
 [-43,26,-17],
 [-5,70,48],
 [75,64,-51],
 [87,-63,-81],
 [28,68,77],
 [-2,29,23],
 [-72,-79,36],
 [-37,-64,71],
 [-65,9,-62],
 [80,-68,-15],
 [-106,-5,-3],
 [23,51,110],
 [-27,-72,-29],
 [12,-33,79],
 [-36,-101,44],
 [-89,-17,-51],
 [-39,16,105],
 [-99,84,-57],
 [-20,-54,35],
 [-1,29,-4],
 [102,14,3],
 [-95,44,87],
 [-44,-55,-11],
 [76,109,-89],
 [9,-82,90],
 [-96,-71,-15],
 [12,-74,53],
 [-53,-89,82],
 [18,-55,-71],
 [-16,17,-72],
 [109,-28,19],
 [-59,81,36],
 [-21,80,-15],
 [-71,-21,-58],
 [44,-104,-83],
 [78,2,-57],
 [39,-58,-56],
 [-104,-27,32],
 [66,14,63],
 [104,-26,-1],
 [37,25,20],
 [-78,-69,-65],
 [-47,101,-33],
 [-103,74,-63],
 [-86,-36,-61],
 [-48,-9,4],
 [-95,75,-67],
 [-107,-18,-89],
 [90,-11,-7],
 [-82,-63,5],
 [-109,-14,-47],
 [104,-102,107],
 [-33,-84,45],
 [51,47,16],
 "*lB","K5a",
 [-87,104,-95],
 [63,-102,73],
 "V23",
 [-102,-96,-77],
 [-71,-46,-25],
 [-106,20,-109],
 [-6,-2,-73],
 [98,-55,-67],
 [-23,25,-29],
 [43,-66,-7],
 [-22,18,68],
 [-6,104,42],
 [109,94,-55],
 [-81,39,-94],
 [17,-85,34],
 [-103,-41,-16],
 [100,-52,-105],
 [-48,-13,-80],
 [19,-64,-65],
 [-47,-89,-44],
 [-10,-27,-83],
 [-88,37,-22],
 [-100,46,-41],
 [-98,-37,-88],
 [20,-90,-35],
 [-14,-15,-83],
 [-95,-18,44],
 [85,-47,15],
 [29,-11,75]].
